[profile.jpg]
filters=enhance=1;autolight=1;finetune2=1,0.181287,0.204912,0.000000,00000000,0.000000;
moddate=000024d9d1d10000
width=1536
height=2048
textactive=0
